Date,Company,Adj Close,High,Low,Open,Volume
2021-07-12,MongoDB Inc.,350.69000244140625,362.0,347.6700134277344,357.510009765625,589800
2021-07-13,MongoDB Inc.,351.29998779296875,361.4700012207031,349.70001220703125,351.0,643700
2021-07-14,MongoDB Inc.,339.1499938964844,358.489990234375,338.94000244140625,357.0,580700
2021-07-15,MongoDB Inc.,334.5199890136719,345.3699951171875,331.94000244140625,341.6300048828125,566500
2021-07-16,MongoDB Inc.,332.70001220703125,339.5,331.2850036621094,338.1000061035156,370000
2021-07-19,MongoDB Inc.,337.6099853515625,342.67999267578125,324.9700012207031,328.2900085449219,582800
2021-07-20,MongoDB Inc.,342.3399963378906,346.9800109863281,335.19000244140625,341.8399963378906,471100
2021-07-21,MongoDB Inc.,351.1600036621094,352.82000732421875,339.0,342.54998779296875,384800
2021-07-22,MongoDB Inc.,354.1499938964844,356.989990234375,351.0,351.5899963378906,372500
2021-07-23,MongoDB Inc.,361.5400085449219,364.6400146484375,351.1199951171875,354.010009765625,523900
2021-07-26,MongoDB Inc.,358.1700134277344,363.8399963378906,355.05999755859375,363.1300048828125,410900
2021-07-27,MongoDB Inc.,360.489990234375,372.0,352.5,361.6400146484375,782100
2021-07-28,MongoDB Inc.,363.7900085449219,365.9599914550781,356.3999938964844,361.239990234375,387000
2021-07-29,MongoDB Inc.,362.05999755859375,369.0,360.1099853515625,363.0899963378906,280400
2021-07-30,MongoDB Inc.,358.9200134277344,365.94500732421875,355.1400146484375,355.1400146484375,396100
2021-08-02,MongoDB Inc.,358.989990234375,362.3949890136719,347.3399963378906,359.1000061035156,538000
2021-08-03,MongoDB Inc.,359.1700134277344,367.1549987792969,355.4200134277344,360.7900085449219,485100
2021-08-04,MongoDB Inc.,363.17999267578125,371.67498779296875,360.239990234375,360.45001220703125,916900
2021-08-05,MongoDB Inc.,376.7200012207031,377.0,357.19000244140625,363.1099853515625,819300
2021-08-06,MongoDB Inc.,373.45001220703125,379.489990234375,367.0,375.5400085449219,511900
2021-08-09,MongoDB Inc.,380.3800048828125,381.06500244140625,371.489990234375,374.510009765625,534900
2021-08-10,MongoDB Inc.,364.4700012207031,382.44000244140625,361.1099853515625,381.94000244140625,658100
2021-08-11,MongoDB Inc.,360.92999267578125,367.8699951171875,354.1700134277344,365.19000244140625,323900
2021-08-12,MongoDB Inc.,372.7900085449219,375.1400146484375,359.1300048828125,359.5899963378906,659400
2021-08-13,MongoDB Inc.,377.7799987792969,382.9800109863281,370.55999755859375,375.8800048828125,377700
2021-08-16,MongoDB Inc.,367.45001220703125,377.1400146484375,358.7799987792969,375.20001220703125,926700
2021-08-17,MongoDB Inc.,365.0,366.3800048828125,357.5199890136719,363.2200012207031,543900
2021-08-18,MongoDB Inc.,366.5400085449219,372.82000732421875,364.3699951171875,367.32000732421875,355500
2021-08-19,MongoDB Inc.,364.8999938964844,369.9599914550781,360.20001220703125,364.239990234375,298000
2021-08-20,MongoDB Inc.,367.6600036621094,370.489990234375,361.8999938964844,367.1199951171875,325300
2021-08-23,MongoDB Inc.,375.760009765625,379.57000732421875,369.8299865722656,369.8299865722656,375300
2021-08-24,MongoDB Inc.,384.1700134277344,387.82000732421875,378.2099914550781,379.239990234375,472100
2021-08-25,MongoDB Inc.,393.75,394.5199890136719,382.04998779296875,385.7799987792969,412600
2021-08-26,MongoDB Inc.,388.760009765625,400.5889892578125,387.489990234375,392.1199951171875,452800
2021-08-27,MongoDB Inc.,395.6099853515625,400.5,391.19000244140625,393.5299987792969,504300
2021-08-30,MongoDB Inc.,396.17498779296875,402.7900085449219,392.75,394.6300048828125,478000
2021-08-31,MongoDB Inc.,391.8299865722656,397.364990234375,390.8999938964844,396.1000061035156,515300
2021-09-01,MongoDB Inc.,393.42999267578125,396.92999267578125,387.9700012207031,390.8999938964844,421100
2021-09-02,MongoDB Inc.,401.6499938964844,406.3299865722656,393.364990234375,394.0,1173600
2021-09-03,MongoDB Inc.,507.4100036621094,508.9700012207031,458.5400085449219,462.7699890136719,6090400
2021-09-07,MongoDB Inc.,489.75,515.0,489.0,514.7999877929688,1551700
2021-09-08,MongoDB Inc.,471.739990234375,490.2770080566406,467.19000244140625,486.8890075683594,2231100
2021-09-09,MongoDB Inc.,474.92999267578125,477.95001220703125,466.05499267578125,473.2300109863281,867400
2021-09-10,MongoDB Inc.,488.79998779296875,499.0,475.510009765625,479.20001220703125,1295600
2021-09-13,MongoDB Inc.,485.0,488.3800048828125,470.8900146484375,485.510009765625,809700
2021-09-14,MongoDB Inc.,505.2099914550781,506.4800109863281,486.4700012207031,486.4700012207031,924300
2021-09-15,MongoDB Inc.,503.5,506.44000244140625,495.0,503.80999755859375,1121800
2021-09-16,MongoDB Inc.,509.6499938964844,510.5,496.5299987792969,501.2799987792969,921400
2021-09-17,MongoDB Inc.,506.989990234375,514.1300048828125,502.3999938964844,512.8099975585938,1976200
2021-09-20,MongoDB Inc.,489.2699890136719,500.3399963378906,483.010009765625,492.0,1104800
2021-09-21,MongoDB Inc.,488.6400146484375,502.1600036621094,484.8900146484375,494.32000732421875,1300900
2021-09-22,MongoDB Inc.,510.67999267578125,515.5,484.2919921875,487.57000732421875,855800
2021-09-23,MongoDB Inc.,514.0599975585938,518.3400268554688,504.9800109863281,513.47998046875,547500
2021-09-24,MongoDB Inc.,508.0400085449219,512.7999877929688,500.03399658203125,510.07000732421875,439300
2021-09-27,MongoDB Inc.,483.0400085449219,500.8999938964844,480.7799987792969,499.2699890136719,761600
2021-09-28,MongoDB Inc.,463.57000732421875,477.54998779296875,460.04998779296875,475.17999267578125,794900
2021-09-29,MongoDB Inc.,458.489990234375,476.2900085449219,456.80499267578125,471.04998779296875,587500
2021-09-30,MongoDB Inc.,471.510009765625,478.8999938964844,460.4800109863281,460.4800109863281,809800
2021-10-01,MongoDB Inc.,474.510009765625,478.20001220703125,458.80999755859375,474.010009765625,566000
2021-10-04,MongoDB Inc.,444.9700012207031,463.19000244140625,434.45001220703125,461.0,1271500
2021-10-05,MongoDB Inc.,452.67999267578125,457.6499938964844,444.20001220703125,445.44000244140625,518700
2021-10-06,MongoDB Inc.,466.239990234375,469.66900634765625,444.0,445.6499938964844,519100
2021-10-07,MongoDB Inc.,472.8699951171875,481.67999267578125,468.1099853515625,470.0,485200
2021-10-08,MongoDB Inc.,449.0,474.0,449.0,473.44000244140625,877000
2021-10-11,MongoDB Inc.,454.20001220703125,460.6499938964844,443.0,447.95001220703125,439700
2021-10-12,MongoDB Inc.,470.94000244140625,477.6600036621094,457.20001220703125,459.55999755859375,532100
2021-10-13,MongoDB Inc.,494.0199890136719,494.5199890136719,473.94000244140625,473.94000244140625,983800
2021-10-14,MongoDB Inc.,489.29998779296875,506.0,488.3599853515625,499.5400085449219,615700
2021-10-15,MongoDB Inc.,491.80999755859375,492.885009765625,482.8800048828125,490.0,390000
2021-10-18,MongoDB Inc.,503.9599914550781,504.3500061035156,488.04998779296875,491.8949890136719,1106900
2021-10-19,MongoDB Inc.,508.010009765625,515.7000122070312,501.9800109863281,505.5,1648000
2021-10-20,MongoDB Inc.,504.5,517.0399780273438,498.3699951171875,510.9700012207031,327000
2021-10-21,MongoDB Inc.,509.42999267578125,517.25,502.19000244140625,502.19000244140625,978500
2021-10-22,MongoDB Inc.,504.8900146484375,513.239990234375,497.2900085449219,507.54998779296875,541900
2021-10-25,MongoDB Inc.,518.8699951171875,525.0,503.0,506.69000244140625,695000
2021-10-26,MongoDB Inc.,501.67999267578125,523.5700073242188,494.3299865722656,518.469970703125,516400
2021-10-27,MongoDB Inc.,497.9599914550781,512.989990234375,495.4599914550781,503.07000732421875,326600
2021-10-28,MongoDB Inc.,504.6199951171875,506.0950012207031,490.010009765625,498.489990234375,297600
2021-10-29,MongoDB Inc.,521.2899780273438,523.8800048828125,504.25,504.6199951171875,503700
2021-11-01,MongoDB Inc.,498.2699890136719,528.7999877929688,496.80999755859375,521.989990234375,656600
2021-11-02,MongoDB Inc.,518.3599853515625,519.989990234375,498.2699890136719,499.25,642100
2021-11-03,MongoDB Inc.,521.2000122070312,521.989990234375,512.3300170898438,518.3499755859375,376800
2021-11-04,MongoDB Inc.,535.0800170898438,540.8200073242188,521.27001953125,526.0,741400
2021-11-05,MongoDB Inc.,555.5800170898438,557.0800170898438,539.1099853515625,540.5399780273438,992900
2021-11-08,MongoDB Inc.,571.2999877929688,581.6400146484375,558.25,559.2000122070312,810900
2021-11-09,MongoDB Inc.,576.77001953125,586.8250122070312,563.7100219726562,576.1400146484375,574400
2021-11-10,MongoDB Inc.,554.9600219726562,576.760009765625,543.1950073242188,568.3300170898438,601000
2021-11-11,MongoDB Inc.,548.6799926757812,569.260986328125,545.0399780273438,561.0800170898438,551200
2021-11-12,MongoDB Inc.,566.8300170898438,568.6699829101562,550.2999877929688,552.9400024414062,328200
2021-11-15,MongoDB Inc.,561.8900146484375,570.5499877929688,556.1099853515625,569.6300048828125,423000
2021-11-16,MongoDB Inc.,585.030029296875,585.8690185546875,565.72998046875,569.3499755859375,510300
2021-11-17,MongoDB Inc.,570.0,590.0,566.5700073242188,585.030029296875,408500
2021-11-18,MongoDB Inc.,567.7899780273438,579.0,557.5499877929688,571.6799926757812,969200
2021-11-19,MongoDB Inc.,569.77001953125,580.469970703125,562.1950073242188,573.9199829101562,502600
2021-11-22,MongoDB Inc.,515.8699951171875,569.77001953125,507.489990234375,569.77001953125,1095600
2021-11-23,MongoDB Inc.,498.8599853515625,523.0800170898438,492.260009765625,509.20001220703125,1131300
2021-11-24,MongoDB Inc.,507.17999267578125,512.4400024414062,482.3299865722656,494.1400146484375,652200
2021-11-26,MongoDB Inc.,518.6099853515625,527.3499755859375,503.4679870605469,503.4679870605469,440500
2021-11-29,MongoDB Inc.,525.97998046875,532.97998046875,516.9400024414062,525.3820190429688,498200
2021-11-30,MongoDB Inc.,498.1000061035156,542.7000122070312,496.8800048828125,530.0,976300
2021-12-01,MongoDB Inc.,456.8900146484375,508.5799865722656,456.6400146484375,502.0,977600
2021-12-02,MongoDB Inc.,481.5899963378906,483.5530090332031,451.989990234375,454.07000732421875,1253100
2021-12-03,MongoDB Inc.,450.1600036621094,483.2300109863281,435.82000732421875,482.1700134277344,1761000
2021-12-06,MongoDB Inc.,429.3399963378906,440.32000732421875,417.2149963378906,430.67999267578125,1853500
2021-12-07,MongoDB Inc.,499.82000732421875,525.6489868164062,485.4599914550781,521.9500122070312,3267600
2021-12-08,MongoDB Inc.,531.5700073242188,533.6699829101562,486.239990234375,502.75,1376800
2021-12-09,MongoDB Inc.,513.280029296875,537.2999877929688,512.4000244140625,531.52001953125,924300
2021-12-10,MongoDB Inc.,507.7300109863281,527.8200073242188,501.95001220703125,514.9199829101562,774800
2021-12-13,MongoDB Inc.,494.92999267578125,517.97998046875,488.0,504.5,1024700
2021-12-14,MongoDB Inc.,478.54998779296875,489.5400085449219,461.7300109863281,488.5,791400
2021-12-15,MongoDB Inc.,508.4100036621094,510.989990234375,472.1099853515625,477.2699890136719,890200
2021-12-16,MongoDB Inc.,481.0199890136719,511.0,475.2699890136719,504.0,1034700
2021-12-17,MongoDB Inc.,497.8500061035156,499.1600036621094,470.2900085449219,476.75,1316100
2021-12-20,MongoDB Inc.,495.6000061035156,497.3299865722656,481.0,486.989990234375,963400
2021-12-21,MongoDB Inc.,538.4600219726562,539.9000244140625,492.7799987792969,508.32000732421875,1333300
2021-12-22,MongoDB Inc.,551.52001953125,553.5999755859375,529.6199951171875,532.5399780273438,963700
2021-12-23,MongoDB Inc.,551.1099853515625,563.489990234375,547.72998046875,550.0,589800
2021-12-27,MongoDB Inc.,559.1900024414062,570.5800170898438,551.3499755859375,552.0,346200
2021-12-28,MongoDB Inc.,542.0800170898438,563.9879760742188,541.0800170898438,563.3300170898438,395000
2021-12-29,MongoDB Inc.,538.010009765625,541.2100219726562,528.8599853515625,539.719970703125,479200
2021-12-30,MongoDB Inc.,532.3499755859375,546.72998046875,531.9099731445312,540.4600219726562,222600
2021-12-31,MongoDB Inc.,529.3499755859375,538.0800170898438,527.0399780273438,530.4400024414062,359200
2022-01-03,MongoDB Inc.,487.55999755859375,519.5399780273438,476.2510070800781,515.0,1913400
2022-01-04,MongoDB Inc.,465.3699951171875,488.77099609375,445.8699951171875,488.77099609375,1479300
2022-01-05,MongoDB Inc.,428.7699890136719,453.9700012207031,426.5400085449219,449.1499938964844,1661700
2022-01-06,MongoDB Inc.,429.67999267578125,440.14801025390625,413.0,422.07000732421875,1912000
2022-01-07,MongoDB Inc.,429.6300048828125,443.239990234375,419.9100036621094,425.0,1139300
2022-01-10,MongoDB Inc.,435.0,435.5899963378906,393.95001220703125,414.0950012207031,1711400
2022-01-11,MongoDB Inc.,443.7900085449219,449.0,426.8999938964844,426.8999938964844,1112000
2022-01-12,MongoDB Inc.,432.489990234375,450.06500244140625,430.45001220703125,449.0,945700
2022-01-13,MongoDB Inc.,390.8299865722656,432.0899963378906,389.4599914550781,432.0899963378906,1849200
2022-01-14,MongoDB Inc.,396.8900146484375,398.94000244140625,374.7699890136719,387.093994140625,1719700
2022-01-18,MongoDB Inc.,387.2699890136719,407.260009765625,377.7699890136719,386.2699890136719,993800
2022-01-19,MongoDB Inc.,384.5899963378906,402.7200012207031,384.5899963378906,390.5799865722656,770600
2022-01-20,MongoDB Inc.,389.1199951171875,412.0,387.3599853515625,392.0,1193600
2022-01-21,MongoDB Inc.,375.57000732421875,399.7799987792969,372.0,385.3699951171875,1121400
2022-01-24,MongoDB Inc.,386.45001220703125,387.80999755859375,345.25,363.739990234375,1944100
2022-01-25,MongoDB Inc.,365.4800109863281,383.9150085449219,359.510009765625,379.3299865722656,1251400
2022-01-26,MongoDB Inc.,351.57000732421875,393.8399963378906,345.3500061035156,376.6099853515625,1900200
2022-01-27,MongoDB Inc.,351.510009765625,369.9200134277344,349.5799865722656,361.19000244140625,1529500
2022-01-28,MongoDB Inc.,373.04998779296875,373.6600036621094,340.25,355.1600036621094,1263800
2022-01-31,MongoDB Inc.,405.1099853515625,406.3389892578125,376.489990234375,378.5799865722656,1189500
2022-02-01,MongoDB Inc.,411.1499938964844,412.94000244140625,389.5899963378906,406.70001220703125,763000
2022-02-02,MongoDB Inc.,397.9100036621094,415.04998779296875,392.9100036621094,414.0,699300
2022-02-03,MongoDB Inc.,381.8500061035156,393.7799987792969,376.0199890136719,385.20001220703125,1043600
2022-02-04,MongoDB Inc.,403.5400085449219,409.7200012207031,376.010009765625,381.7699890136719,1007000
2022-02-07,MongoDB Inc.,407.8299865722656,427.989990234375,405.9200134277344,405.9200134277344,875800
2022-02-08,MongoDB Inc.,419.42999267578125,421.5899963378906,400.9949951171875,402.3500061035156,846700
2022-02-09,MongoDB Inc.,441.6700134277344,443.30999755859375,425.8800048828125,432.3599853515625,1159100
2022-02-10,MongoDB Inc.,450.6000061035156,464.7300109863281,427.0,428.6600036621094,1718400
2022-02-11,MongoDB Inc.,427.1700134277344,460.0,421.69000244140625,450.7200012207031,1172500
2022-02-14,MongoDB Inc.,429.92999267578125,443.8699951171875,425.260009765625,427.9200134277344,644200
2022-02-15,MongoDB Inc.,445.8299865722656,449.67999267578125,433.05999755859375,441.76800537109375,820900
2022-02-16,MongoDB Inc.,436.1300048828125,442.3399963378906,425.7300109863281,442.3399963378906,775300
2022-02-17,MongoDB Inc.,409.55999755859375,432.9599914550781,407.489990234375,432.8900146484375,966500
2022-02-18,MongoDB Inc.,390.17999267578125,414.9100036621094,389.3599853515625,413.7099914550781,823500
2022-02-22,MongoDB Inc.,382.42999267578125,397.20001220703125,379.07501220703125,386.9700012207031,957300
2022-02-23,MongoDB Inc.,354.80999755859375,389.1700134277344,352.3999938964844,386.010009765625,1300500
2022-02-24,MongoDB Inc.,375.3599853515625,378.489990234375,331.79998779296875,336.1499938964844,1229700
2022-02-25,MongoDB Inc.,375.94000244140625,377.7900085449219,361.05999755859375,374.3599853515625,781800
2022-02-28,MongoDB Inc.,381.989990234375,388.7799987792969,373.010009765625,376.32000732421875,765400
2022-03-01,MongoDB Inc.,381.80999755859375,395.8450012207031,378.6600036621094,382.8699951171875,726200
2022-03-02,MongoDB Inc.,381.6700134277344,387.7099914550781,366.0,382.8399963378906,804700
2022-03-03,MongoDB Inc.,327.2300109863281,364.9599914550781,322.2300109863281,359.3999938964844,3140000
2022-03-04,MongoDB Inc.,306.1099853515625,332.42999267578125,303.375,327.05999755859375,2074100
2022-03-07,MongoDB Inc.,279.9800109863281,313.9700012207031,279.0,309.5,1819800
2022-03-08,MongoDB Inc.,281.739990234375,289.6700134277344,272.5,280.0400085449219,2681600
2022-03-09,MongoDB Inc.,334.0899963378906,339.7900085449219,315.0,318.3800048828125,3953500
2022-03-10,MongoDB Inc.,338.510009765625,342.82000732421875,324.29998779296875,327.92999267578125,1539500
2022-03-11,MongoDB Inc.,316.489990234375,344.02099609375,316.0,342.9800109863281,1215700
2022-03-14,MongoDB Inc.,290.1600036621094,324.0,283.1300048828125,314.79998779296875,2136100
2022-03-15,MongoDB Inc.,298.260009765625,300.760009765625,284.80999755859375,292.010009765625,1545800
2022-03-16,MongoDB Inc.,343.82000732421875,344.55499267578125,311.6000061035156,311.989990234375,2352800
2022-03-17,MongoDB Inc.,372.42999267578125,374.8599853515625,335.80999755859375,341.7099914550781,1986800
2022-03-18,MongoDB Inc.,398.1000061035156,402.1199951171875,375.010009765625,381.4599914550781,2233600
2022-03-21,MongoDB Inc.,390.5,400.19000244140625,381.0,392.3299865722656,1474600
2022-03-22,MongoDB Inc.,405.7699890136719,414.9750061035156,387.05999755859375,387.05999755859375,1229900
2022-03-23,MongoDB Inc.,404.8500061035156,418.6000061035156,394.54998779296875,398.6199951171875,820300
2022-03-24,MongoDB Inc.,420.3399963378906,421.4750061035156,396.5299987792969,408.2699890136719,1250600
2022-03-25,MongoDB Inc.,406.0400085449219,422.0150146484375,400.260009765625,421.2699890136719,699100
2022-03-28,MongoDB Inc.,420.9200134277344,421.6199951171875,403.05999755859375,407.5,896500
2022-03-29,MongoDB Inc.,435.8900146484375,440.8900146484375,423.1099853515625,428.9800109863281,832400
2022-03-30,MongoDB Inc.,430.2200012207031,443.2799987792969,423.0,429.29998779296875,1150500
2022-03-31,MongoDB Inc.,443.5899963378906,455.67999267578125,425.2099914550781,430.0,1606900
2022-04-01,MongoDB Inc.,454.45001220703125,471.9599914550781,441.54901123046875,443.05999755859375,1993200
2022-04-04,MongoDB Inc.,458.6000061035156,464.0299987792969,440.29998779296875,443.7799987792969,1343200
2022-04-05,MongoDB Inc.,435.1199951171875,457.989990234375,429.25,455.0,1183100
2022-04-06,MongoDB Inc.,421.8900146484375,425.0,400.55999755859375,423.75,1578500
2022-04-07,MongoDB Inc.,428.489990234375,437.69000244140625,416.54998779296875,417.4200134277344,1234800
2022-04-08,MongoDB Inc.,416.8800048828125,430.9849853515625,414.17999267578125,423.0899963378906,801400
2022-04-11,MongoDB Inc.,410.1000061035156,418.0199890136719,402.7799987792969,408.6099853515625,761200
2022-04-12,MongoDB Inc.,414.07000732421875,438.94000244140625,412.0799865722656,418.0,911400
2022-04-13,MongoDB Inc.,435.239990234375,435.8999938964844,411.6600036621094,413.44000244140625,844400
2022-04-14,MongoDB Inc.,416.5,436.989990234375,416.3900146484375,432.44000244140625,553000
2022-04-18,MongoDB Inc.,401.1499938964844,414.260009765625,393.9679870605469,412.0,662300
2022-04-19,MongoDB Inc.,416.0,419.07000732421875,393.1499938964844,403.0199890136719,673800
2022-04-20,MongoDB Inc.,407.010009765625,420.95001220703125,401.42999267578125,420.57000732421875,641900
2022-04-21,MongoDB Inc.,377.8699951171875,420.9599914550781,374.5400085449219,411.04998779296875,1223200
2022-04-22,MongoDB Inc.,371.0400085449219,386.44000244140625,368.7539978027344,379.489990234375,792000
2022-04-25,MongoDB Inc.,381.739990234375,387.2900085449219,365.8699951171875,369.0400085449219,943200
2022-04-26,MongoDB Inc.,352.75,380.760009765625,352.6400146484375,380.760009765625,1036000
2022-04-27,MongoDB Inc.,359.9800109863281,375.4599914550781,353.7699890136719,357.2200012207031,1053400
2022-04-28,MongoDB Inc.,377.6499938964844,382.0299987792969,354.0,370.239990234375,839400
2022-04-29,MongoDB Inc.,354.92999267578125,387.94000244140625,353.7799987792969,374.9599914550781,801700
2022-05-02,MongoDB Inc.,359.5899963378906,360.07000732421875,339.2850036621094,350.29998779296875,1006200
2022-05-03,MongoDB Inc.,343.7200012207031,366.8999938964844,334.739990234375,354.9599914550781,1281500
2022-05-04,MongoDB Inc.,360.55999755859375,361.2869873046875,323.3800048828125,349.0,1269000
2022-05-05,MongoDB Inc.,315.92999267578125,349.69000244140625,310.6300048828125,349.42999267578125,1822000
2022-05-06,MongoDB Inc.,299.7099914550781,310.94000244140625,276.510986328125,310.94000244140625,2281400
2022-05-09,MongoDB Inc.,252.72000122070312,293.1300048828125,249.00999450683594,290.6199951171875,2706800
2022-05-10,MongoDB Inc.,250.49000549316406,272.4200134277344,239.14999389648438,263.79998779296875,2582100
2022-05-11,MongoDB Inc.,242.25,270.8500061035156,240.10000610351562,245.49000549316406,2732400
2022-05-12,MongoDB Inc.,245.6300048828125,262.2099914550781,227.60000610351562,233.86000061035156,2487700
2022-05-13,MongoDB Inc.,286.0299987792969,290.80999755859375,257.0799865722656,257.67999267578125,2541400
2022-05-16,MongoDB Inc.,252.0,289.6199951171875,251.5,279.2699890136719,1876300
2022-05-17,MongoDB Inc.,247.27999877929688,267.94000244140625,234.00999450683594,260.9100036621094,2703300
2022-05-18,MongoDB Inc.,229.97000122070312,249.66000366210938,219.72999572753906,243.89999389648438,2478900
2022-05-19,MongoDB Inc.,245.3300018310547,257.0,226.94000244140625,230.52999877929688,2514200
2022-05-20,MongoDB Inc.,248.10000610351562,265.5150146484375,235.25,254.0500030517578,2223200
2022-05-23,MongoDB Inc.,244.0500030517578,253.08999633789062,236.47999572753906,248.00999450683594,1234500
2022-05-24,MongoDB Inc.,223.61000061035156,237.42999267578125,217.82000732421875,236.63999938964844,1713500
2022-05-25,MongoDB Inc.,230.7899932861328,233.2100067138672,219.0,222.10000610351562,1238800
2022-05-26,MongoDB Inc.,233.05999755859375,241.47000122070312,213.38999938964844,215.22000122070312,2406100
2022-05-27,MongoDB Inc.,250.05999755859375,252.7899932861328,239.0,241.50999450683594,1908900
2022-05-31,MongoDB Inc.,237.14999389648438,255.32000732421875,235.0,250.75,2231200
2022-06-01,MongoDB Inc.,241.80999755859375,262.17999267578125,236.24000549316406,241.80999755859375,3394300
2022-06-02,MongoDB Inc.,286.70001220703125,290.8900146484375,249.0800018310547,262.0,4986700
2022-06-03,MongoDB Inc.,273.1300048828125,287.1400146484375,266.5830078125,281.79998779296875,2349600
2022-06-06,MongoDB Inc.,274.5899963378906,286.1600036621094,266.5299987792969,278.6099853515625,1216200
2022-06-07,MongoDB Inc.,295.5899963378906,299.0,268.0,270.3500061035156,1961400
2022-06-08,MongoDB Inc.,299.010009765625,308.25,294.6199951171875,299.0,2269200
2022-06-09,MongoDB Inc.,290.3800048828125,306.42999267578125,289.30999755859375,295.5899963378906,1284600
2022-06-10,MongoDB Inc.,268.7099914550781,286.69000244140625,265.6199951171875,285.1099853515625,2013000
2022-06-13,MongoDB Inc.,239.0,260.9200134277344,237.52000427246094,254.0800018310547,2037500
2022-06-14,MongoDB Inc.,241.0,250.1999969482422,234.78900146484375,240.00999450683594,1155200
2022-06-15,MongoDB Inc.,254.32000732421875,259.44500732421875,240.8300018310547,243.00999450683594,1537700
2022-06-16,MongoDB Inc.,235.00999450683594,247.0500030517578,231.33999633789062,243.10000610351562,1270300
2022-06-17,MongoDB Inc.,249.75,252.16000366210938,235.9600067138672,237.63999938964844,1789600
2022-06-21,MongoDB Inc.,269.54998779296875,276.0,255.14999389648438,255.1699981689453,1880600
2022-06-22,MongoDB Inc.,267.2300109863281,279.9100036621094,262.5,264.1700134277344,1069500
2022-06-23,MongoDB Inc.,290.6099853515625,292.25,269.69000244140625,271.4200134277344,1649400
2022-06-24,MongoDB Inc.,303.0899963378906,313.66900634765625,295.0199890136719,295.0199890136719,2519600
2022-06-27,MongoDB Inc.,298.8900146484375,308.1499938964844,293.45001220703125,304.04998779296875,1008000
2022-06-28,MongoDB Inc.,278.3500061035156,301.3900146484375,273.3599853515625,296.5799865722656,1773900
2022-06-29,MongoDB Inc.,276.7699890136719,281.27398681640625,268.4700012207031,274.8800048828125,928300
2022-06-30,MongoDB Inc.,259.5,275.0299987792969,251.93499755859375,274.0,1777200
2022-07-01,MongoDB Inc.,269.010009765625,272.2300109863281,256.54998779296875,263.7200012207031,1491200
2022-07-05,MongoDB Inc.,304.42999267578125,304.82000732421875,261.2879943847656,263.0299987792969,3388000
2022-07-06,MongoDB Inc.,304.29998779296875,312.1000061035156,296.989990234375,301.80999755859375,1532000
2022-07-07,MongoDB Inc.,315.4800109863281,318.7699890136719,301.0299987792969,302.04998779296875,1854400
2022-07-08,MongoDB Inc.,314.1600036621094,323.8900146484375,302.1199951171875,306.1000061035156,1435300
2022-07-11,MongoDB Inc.,310.8599853515625,315.3599853515625,300.3599853515625,309.6199951171875,963200
2022-07-12,MongoDB Inc.,291.239990234375,323.0199890136719,285.6600036621094,310.8599853515625,1875800
2022-07-13,MongoDB Inc.,295.260009765625,306.70001220703125,282.1000061035156,287.6300048828125,1149600
2022-07-14,MongoDB Inc.,278.9100036621094,290.8299865722656,269.4800109863281,288.5899963378906,2152700
2022-07-15,MongoDB Inc.,277.4700012207031,285.9549865722656,265.760009765625,281.0,1661400
2022-07-18,MongoDB Inc.,281.1700134277344,293.5,279.6600036621094,285.5,1260500
2022-07-19,MongoDB Inc.,284.32000732421875,287.4800109863281,272.5950012207031,286.510009765625,1065100
2022-07-20,MongoDB Inc.,307.57000732421875,310.989990234375,289.0,290.0950012207031,1569100
2022-07-21,MongoDB Inc.,317.92999267578125,320.8999938964844,306.7279968261719,309.1600036621094,1337300
2022-07-22,MongoDB Inc.,301.6099853515625,323.0,299.8599853515625,318.0,1321500
2022-07-25,MongoDB Inc.,289.42999267578125,298.9800109863281,283.95001220703125,298.2099914550781,1445700
2022-07-26,MongoDB Inc.,266.70001220703125,285.9800109863281,263.3999938964844,284.8399963378906,1622300
2022-07-27,MongoDB Inc.,289.9200134277344,292.5400085449219,275.67999267578125,279.4100036621094,1431100
2022-07-28,MongoDB Inc.,297.010009765625,297.3399963378906,281.0899963378906,289.1499938964844,1159400
2022-07-29,MongoDB Inc.,312.4700012207031,313.5400085449219,300.17999267578125,304.9100036621094,1771700
2022-08-01,MongoDB Inc.,318.0199890136719,324.6600036621094,302.04998779296875,308.0299987792969,950000
2022-08-02,MongoDB Inc.,323.79998779296875,332.1499938964844,308.010009765625,310.04998779296875,964500
2022-08-03,MongoDB Inc.,339.30999755859375,340.5899963378906,324.45001220703125,325.7900085449219,1182000
2022-08-04,MongoDB Inc.,340.8800048828125,341.1400146484375,329.1099853515625,336.5199890136719,948300
2022-08-05,MongoDB Inc.,356.8399963378906,358.989990234375,330.031005859375,336.1099853515625,1342200
2022-08-08,MongoDB Inc.,363.7099914550781,378.94000244140625,359.6300048828125,360.0,1155000
2022-08-09,MongoDB Inc.,358.17999267578125,365.0,354.4620056152344,356.55999755859375,715600
2022-08-10,MongoDB Inc.,380.30999755859375,389.5,375.989990234375,376.0,1050700
2022-08-11,MongoDB Inc.,368.760009765625,390.8399963378906,367.67999267578125,387.54998779296875,846100
2022-08-12,MongoDB Inc.,379.1000061035156,379.3900146484375,365.8299865722656,372.7099914550781,751700
2022-08-15,MongoDB Inc.,375.9200134277344,383.9200134277344,370.9519958496094,375.1600036621094,629100
2022-08-16,MongoDB Inc.,374.4200134277344,375.0799865722656,363.4200134277344,375.0799865722656,1338900
2022-08-17,MongoDB Inc.,361.67999267578125,368.0,359.17999267578125,365.8999938964844,916000
2022-08-18,MongoDB Inc.,353.5299987792969,361.260009765625,352.6700134277344,359.5899963378906,845200
2022-08-19,MongoDB Inc.,337.07000732421875,344.8699951171875,333.8599853515625,343.9200134277344,1167200
2022-08-22,MongoDB Inc.,329.760009765625,334.5,323.9700012207031,328.3999938964844,816400
2022-08-23,MongoDB Inc.,326.260009765625,338.5199890136719,326.1199951171875,333.2799987792969,588600
2022-08-24,MongoDB Inc.,338.6000061035156,343.17999267578125,325.4200134277344,325.4200134277344,880700
2022-08-25,MongoDB Inc.,363.739990234375,365.5400085449219,353.07000732421875,355.5400085449219,1431200
2022-08-26,MongoDB Inc.,353.57000732421875,367.2900085449219,351.5400085449219,362.05999755859375,1199100
2022-08-29,MongoDB Inc.,332.07000732421875,354.0199890136719,326.010009765625,345.29998779296875,1938400
2022-08-30,MongoDB Inc.,330.7200012207031,341.6960144042969,321.7799987792969,336.32000732421875,1203900
2022-08-31,MongoDB Inc.,322.8599853515625,339.80999755859375,321.2099914550781,335.2200012207031,2028800
2022-09-01,MongoDB Inc.,241.11000061035156,272.0,238.47000122070312,266.94000244140625,8212000
2022-09-02,MongoDB Inc.,244.8699951171875,254.34500122070312,235.1999969482422,244.1699981689453,3322200
2022-09-06,MongoDB Inc.,238.0,249.125,236.8800048828125,241.07000732421875,1936800
2022-09-07,MongoDB Inc.,246.7100067138672,248.60000610351562,233.39999389648438,236.1699981689453,1925400
2022-09-08,MongoDB Inc.,247.50999450683594,250.24000549316406,239.77000427246094,241.39999389648438,1530000
2022-09-09,MongoDB Inc.,268.6400146484375,273.91400146484375,250.47999572753906,250.47999572753906,3026800
2022-09-12,MongoDB Inc.,278.510009765625,278.6700134277344,266.0400085449219,269.07000732421875,2044700
2022-09-13,MongoDB Inc.,251.9199981689453,263.75,250.9600067138672,260.760009765625,2382900
2022-09-14,MongoDB Inc.,247.22000122070312,252.58999633789062,243.0,251.47000122070312,2010400
2022-09-15,MongoDB Inc.,233.52000427246094,249.1300048828125,232.22000122070312,244.69000244140625,2990600
2022-09-16,MongoDB Inc.,220.5800018310547,228.6199951171875,217.5500030517578,228.4199981689453,3030500
2022-09-19,MongoDB Inc.,221.33999633789062,222.35000610351562,213.9199981689453,218.17999267578125,2096400
2022-09-20,MongoDB Inc.,217.89999389648438,221.5500030517578,213.97999572753906,216.9600067138672,1654900
2022-09-21,MongoDB Inc.,209.4600067138672,222.35000610351562,209.4499969482422,218.72000122070312,1484500
2022-09-22,MongoDB Inc.,198.1999969482422,212.0,196.8000030517578,206.77000427246094,2373900
2022-09-23,MongoDB Inc.,194.72999572753906,201.35000610351562,189.23500061035156,196.89999389648438,2891400
2022-09-26,MongoDB Inc.,189.69000244140625,200.5,188.1699981689453,194.1999969482422,1519900
2022-09-27,MongoDB Inc.,194.44000244140625,197.9499969482422,190.16000366210938,194.61000061035156,1323700
2022-09-28,MongoDB Inc.,201.30999755859375,203.67999267578125,192.16000366210938,193.9199981689453,1570900
2022-09-29,MongoDB Inc.,194.82000732421875,199.02000427246094,191.7779998779297,196.4499969482422,1265700
2022-09-30,MongoDB Inc.,198.55999755859375,210.5,194.4250030517578,196.39999389648438,2699100
2022-10-03,MongoDB Inc.,194.07000732421875,200.92999267578125,185.50999450683594,199.00999450683594,3301400
2022-10-04,MongoDB Inc.,203.30999755859375,208.99000549316406,200.42999267578125,201.41000366210938,3276300
2022-10-05,MongoDB Inc.,202.07000732421875,205.0,191.00999450683594,197.4499969482422,1613400
2022-10-06,MongoDB Inc.,199.1999969482422,206.92999267578125,195.22000122070312,202.0,1370600
2022-10-07,MongoDB Inc.,189.7899932861328,194.38999938964844,186.86000061035156,192.05999755859375,1344900
2022-10-10,MongoDB Inc.,181.97000122070312,191.88999938964844,178.8000030517578,191.1300048828125,1808800
2022-10-11,MongoDB Inc.,180.0500030517578,184.8000030517578,171.42999267578125,181.10000610351562,1763200
2022-10-12,MongoDB Inc.,181.8000030517578,182.72000122070312,172.39999389648438,180.75,1625100
2022-10-13,MongoDB Inc.,180.75999450683594,182.7100067138672,166.61000061035156,174.02000427246094,2131200
2022-10-14,MongoDB Inc.,172.0800018310547,187.5800018310547,171.27000427246094,186.13999938964844,1485400
2022-10-17,MongoDB Inc.,182.35000610351562,186.88999938964844,177.0800018310547,178.97999572753906,1352300
2022-10-18,MongoDB Inc.,189.97000122070312,196.77999877929688,185.57000732421875,195.0,1813500
2022-10-19,MongoDB Inc.,184.77000427246094,189.6199951171875,180.80999755859375,185.0500030517578,1582400
2022-10-20,MongoDB Inc.,191.0,197.97000122070312,184.0399932861328,186.0,1344200
2022-10-21,MongoDB Inc.,188.89999389648438,188.89999389648438,177.6999969482422,188.07000732421875,3136700
2022-10-24,MongoDB Inc.,181.91000366210938,189.02999877929688,176.68499755859375,188.92999267578125,2170300
2022-10-25,MongoDB Inc.,200.69000244140625,200.9600067138672,185.17999267578125,185.17999267578125,2291800
2022-10-26,MongoDB Inc.,191.0500030517578,202.16000366210938,183.24000549316406,183.3699951171875,2349100
2022-10-27,MongoDB Inc.,190.38999938964844,199.66000366210938,189.75999450683594,194.58999633789062,1102500
2022-10-28,MongoDB Inc.,186.58999633789062,187.80999755859375,177.64999389648438,184.9499969482422,2342700
2022-10-31,MongoDB Inc.,183.02999877929688,189.61000061035156,182.7550048828125,186.50999450683594,1130200
2022-11-01,MongoDB Inc.,181.4499969482422,194.5,180.5,189.80999755859375,1161900
2022-11-02,MongoDB Inc.,163.22000122070312,180.5500030517578,163.1999969482422,180.5500030517578,2036000
2022-11-03,MongoDB Inc.,157.22000122070312,164.6300048828125,156.97000122070312,159.66000366210938,1965800
2022-11-04,MongoDB Inc.,145.3800048828125,156.42999267578125,140.5,156.30999755859375,3183600
2022-11-07,MongoDB Inc.,141.83999633789062,148.2550048828125,137.54200744628906,147.7899932861328,2513600
2022-11-08,MongoDB Inc.,144.00999450683594,150.35000610351562,137.77000427246094,143.6199951171875,2089900
2022-11-09,MongoDB Inc.,137.35000610351562,141.98500061035156,135.14999389648438,141.72999572753906,1584900
2022-11-10,MongoDB Inc.,161.0,165.50999450683594,148.55999755859375,150.00999450683594,3714300
2022-11-11,MongoDB Inc.,175.94000244140625,180.75999450683594,161.58999633789062,163.4499969482422,2806300
2022-11-14,MongoDB Inc.,171.0800018310547,175.47999572753906,167.02000427246094,174.0800018310547,1426500
2022-11-15,MongoDB Inc.,182.10000610351562,186.75,178.66000366210938,181.33999633789062,1679100
2022-11-16,MongoDB Inc.,174.69000244140625,180.44000244140625,170.2100067138672,177.72000122070312,1484100
2022-11-17,MongoDB Inc.,163.7899932861328,169.94500732421875,162.6300048828125,166.2899932861328,2163500
2022-11-18,MongoDB Inc.,159.8800048828125,168.97999572753906,157.72999572753906,167.61000061035156,1213200
2022-11-21,MongoDB Inc.,147.02000427246094,153.08999633789062,145.50999450683594,152.8300018310547,2238800
2022-11-22,MongoDB Inc.,146.8000030517578,147.5,142.44000244140625,147.3000030517578,1918400
2022-11-23,MongoDB Inc.,150.77000427246094,152.41400146484375,145.5,147.4600067138672,2043900
2022-11-25,MongoDB Inc.,147.75,149.3300018310547,146.11000061035156,147.75999450683594,883800
2022-11-28,MongoDB Inc.,143.5,148.72999572753906,143.11000061035156,145.1300048828125,1621800
2022-11-29,MongoDB Inc.,142.3000030517578,147.2899932861328,142.15499877929688,145.8000030517578,1722700
2022-11-30,MongoDB Inc.,152.69000244140625,152.6999969482422,137.6999969482422,139.8800048828125,3337900
2022-12-01,MongoDB Inc.,161.94000244140625,162.4949951171875,151.3699951171875,153.9199981689453,2875400
2022-12-02,MongoDB Inc.,160.1699981689453,162.52999877929688,153.0,156.80499267578125,1806000
2022-12-05,MongoDB Inc.,148.72000122070312,160.5,144.75999450683594,159.0,1995400
2022-12-06,MongoDB Inc.,144.69000244140625,150.5500030517578,142.02000427246094,150.0500030517578,4047000
2022-12-07,MongoDB Inc.,178.3000030517578,186.75,167.50999450683594,184.60000610351562,12542100
2022-12-08,MongoDB Inc.,194.42999267578125,195.72999572753906,177.02000427246094,182.6999969482422,5564400
2022-12-09,MongoDB Inc.,191.75,198.41000366210938,190.74000549316406,194.60000610351562,2708400
2022-12-12,MongoDB Inc.,203.17999267578125,203.75999450683594,192.63999938964844,193.0,2809200
2022-12-13,MongoDB Inc.,206.05999755859375,221.1999969482422,202.3000030517578,218.27999877929688,2879500
2022-12-14,MongoDB Inc.,210.64999389648438,213.4600067138672,205.12399291992188,206.0500030517578,1472200
2022-12-15,MongoDB Inc.,203.7100067138672,213.44000244140625,201.3300018310547,205.25,1939200
2022-12-16,MongoDB Inc.,203.10000610351562,206.83999633789062,196.77000427246094,201.92999267578125,2253100
2022-12-19,MongoDB Inc.,193.36000061035156,202.56399536132812,189.8800048828125,201.52000427246094,1688200
2022-12-20,MongoDB Inc.,200.1300048828125,201.85000610351562,190.3000030517578,191.47000122070312,1512200
2022-12-21,MongoDB Inc.,200.3800048828125,203.44000244140625,195.08999633789062,202.13999938964844,1199500
2022-12-22,MongoDB Inc.,196.1699981689453,197.99000549316406,190.85000610351562,196.0399932861328,1118800
2022-12-23,MongoDB Inc.,197.47000122070312,197.58999633789062,191.66000366210938,194.5,1370400
2022-12-27,MongoDB Inc.,188.85000610351562,195.47999572753906,186.58999633789062,194.16000366210938,1156400
2022-12-28,MongoDB Inc.,188.80999755859375,191.57000732421875,186.36000061035156,187.8300018310547,661000
2022-12-29,MongoDB Inc.,198.85000610351562,203.6300048828125,188.5800018310547,190.4499969482422,1280300
2022-12-30,MongoDB Inc.,196.83999633789062,198.5,191.75,194.16000366210938,1033900
2023-01-03,MongoDB Inc.,190.75,201.94000244140625,186.36000061035156,199.4499969482422,1744500
2023-01-04,MongoDB Inc.,187.2100067138672,192.9499969482422,183.5,191.83999633789062,1737900
2023-01-05,MongoDB Inc.,172.17999267578125,185.00999450683594,170.52000427246094,185.00999450683594,2263300
2023-01-06,MongoDB Inc.,169.82000732421875,173.66000366210938,164.58999633789062,172.1999969482422,2042700
2023-01-09,MongoDB Inc.,178.07000732421875,179.4199981689453,172.07000732421875,173.63999938964844,1632000
2023-01-10,MongoDB Inc.,182.08999633789062,183.05999755859375,174.6999969482422,175.58999633789062,1156900
2023-01-11,MongoDB Inc.,188.82000732421875,189.17999267578125,179.74000549316406,183.10000610351562,1304700
2023-01-12,MongoDB Inc.,190.61000061035156,190.91000366210938,183.2050018310547,188.82000732421875,1259900
2023-01-13,MongoDB Inc.,197.52999877929688,198.5,186.0500030517578,187.14999389648438,1494500
2023-01-17,MongoDB Inc.,202.83999633789062,206.8699951171875,192.6300048828125,195.11000061035156,1397700
2023-01-18,MongoDB Inc.,200.83999633789062,212.2899932861328,199.77999877929688,206.89999389648438,1339300
2023-01-19,MongoDB Inc.,189.30999755859375,199.0,188.77999877929688,197.0,1523800
2023-01-20,MongoDB Inc.,197.86000061035156,199.50999450683594,188.91000366210938,191.0,1105500
2023-01-23,MongoDB Inc.,207.0500030517578,207.67999267578125,196.0,199.0,1182500
2023-01-24,MongoDB Inc.,199.8800048828125,211.0,199.3300018310547,203.82000732421875,1440100
2023-01-25,MongoDB Inc.,195.13999938964844,198.56500244140625,179.52000427246094,190.61000061035156,2679500
2023-01-26,MongoDB Inc.,208.22999572753906,208.7550048828125,197.2899932861328,199.32000732421875,1854200
2023-01-27,MongoDB Inc.,224.00999450683594,224.89500427246094,203.77000427246094,205.52000427246094,2985400
2023-01-30,MongoDB Inc.,210.41000366210938,221.9949951171875,209.69000244140625,220.6300048828125,1244600
2023-01-31,MongoDB Inc.,214.2100067138672,214.86000061035156,208.47000122070312,210.02999877929688,1233800
2023-02-01,MongoDB Inc.,228.1699981689453,229.7949981689453,211.8300018310547,214.5500030517578,1748500
2023-02-02,MongoDB Inc.,245.86000061035156,248.14999389648438,236.67999267578125,237.52000427246094,2693500
2023-02-03,MongoDB Inc.,221.97999572753906,238.25,220.17999267578125,231.50999450683594,2408400
2023-02-06,MongoDB Inc.,218.44000244140625,226.27000427246094,216.0500030517578,219.25999450683594,1335100
2023-02-07,MongoDB Inc.,224.4199981689453,225.22999572753906,211.8000030517578,218.52999877929688,1223700
2023-02-08,MongoDB Inc.,222.6300048828125,232.0500030517578,221.47000122070312,224.4199981689453,1331800
2023-02-09,MongoDB Inc.,220.8000030517578,230.35000610351562,220.30999755859375,227.2100067138672,1002400
2023-02-10,MongoDB Inc.,210.6999969482422,217.36000061035156,207.0,216.0500030517578,1237000
2023-02-13,MongoDB Inc.,217.3000030517578,221.1199951171875,207.17999267578125,213.47000122070312,1111000
2023-02-14,MongoDB Inc.,228.80999755859375,231.02000427246094,211.5399932861328,213.02999877929688,1660200
2023-02-15,MongoDB Inc.,233.52999877929688,237.91900634765625,226.1300048828125,231.39999389648438,1289400
2023-02-16,MongoDB Inc.,217.3300018310547,233.30999755859375,217.14999389648438,225.25,1543100
2023-02-17,MongoDB Inc.,213.1300048828125,217.75999450683594,208.05999755859375,217.3300018310547,1303100
2023-02-21,MongoDB Inc.,210.61000061035156,214.0,206.91000366210938,207.69000244140625,1183000
2023-02-22,MongoDB Inc.,213.58999633789062,220.4199981689453,211.69000244140625,213.52999877929688,1308000
2023-02-23,MongoDB Inc.,213.4600067138672,219.99000549316406,205.8800048828125,216.7899932861328,1126100
2023-02-24,MongoDB Inc.,205.89999389648438,209.9600067138672,203.3699951171875,206.6699981689453,1092800
2023-02-27,MongoDB Inc.,206.8699951171875,210.49000549316406,205.1840057373047,208.24000549316406,718600
2023-02-28,MongoDB Inc.,209.52000427246094,210.2830047607422,205.9600067138672,206.91000366210938,1126700
2023-03-01,MongoDB Inc.,209.97000122070312,213.7050018310547,203.67999267578125,209.69000244140625,1431600
2023-03-02,MongoDB Inc.,205.32000732421875,206.85000610351562,198.08999633789062,200.80999755859375,1941300
2023-03-03,MongoDB Inc.,219.05999755859375,220.1719970703125,206.86000061035156,207.02999877929688,1800200
2023-03-06,MongoDB Inc.,219.88999938964844,224.77999877929688,217.89999389648438,220.52000427246094,1262100
2023-03-07,MongoDB Inc.,223.64999389648438,227.07000732421875,218.77000427246094,220.0,1758400
2023-03-08,MongoDB Inc.,228.6999969482422,231.86000061035156,224.0,224.24000549316406,5332800
2023-03-09,MongoDB Inc.,209.57000732421875,221.8699951171875,201.2050018310547,203.85000610351562,7931100
2023-03-10,MongoDB Inc.,194.0800018310547,211.13999938964844,189.9499969482422,206.00999450683594,4755800
2023-03-13,MongoDB Inc.,201.74000549316406,206.98500061035156,189.58999633789062,190.5399932861328,2060800
2023-03-14,MongoDB Inc.,204.67999267578125,208.66000366210938,198.63999938964844,205.8300018310547,1928200
2023-03-15,MongoDB Inc.,212.1300048828125,213.3800048828125,201.3800048828125,202.92999267578125,1956200
2023-03-16,MongoDB Inc.,221.25,221.8000030517578,210.2480010986328,212.4499969482422,1426700
2023-03-17,MongoDB Inc.,219.77000427246094,224.32000732421875,217.5399932861328,220.39999389648438,1674200
2023-03-20,MongoDB Inc.,210.9199981689453,217.83999633789062,207.2449951171875,216.02000427246094,1519500
2023-03-21,MongoDB Inc.,218.55999755859375,219.9199981689453,212.0399932861328,213.0,1005800
2023-03-22,MongoDB Inc.,211.1300048828125,222.0,211.00999450683594,218.44000244140625,1035000
2023-03-23,MongoDB Inc.,220.07000732421875,224.36000061035156,214.35400390625,216.97000122070312,1234500
2023-03-24,MongoDB Inc.,216.7899932861328,220.75,211.7100067138672,219.1699981689453,1205500
2023-03-27,MongoDB Inc.,210.64999389648438,217.5,210.47999572753906,215.77000427246094,670800
2023-03-28,MongoDB Inc.,213.92999267578125,215.25999450683594,210.41000366210938,210.41000366210938,659700
2023-03-29,MongoDB Inc.,217.39999389648438,219.75999450683594,215.47999572753906,217.0,714900
2023-03-30,MongoDB Inc.,218.94000244140625,221.97999572753906,214.72000122070312,220.5399932861328,823700
2023-03-31,MongoDB Inc.,233.1199951171875,233.2100067138672,218.1300048828125,220.22999572753906,1734000
2023-04-03,MongoDB Inc.,226.8699951171875,232.14500427246094,224.5399932861328,228.3300018310547,1427200
2023-04-04,MongoDB Inc.,227.9199981689453,231.02999877929688,225.8800048828125,227.35000610351562,789400
2023-04-05,MongoDB Inc.,213.08999633789062,226.21299743652344,209.11000061035156,225.0,1545000
2023-04-06,MongoDB Inc.,215.88999938964844,216.1999969482422,204.5,210.0,964600
2023-04-10,MongoDB Inc.,214.25,214.58999633789062,208.0,212.42999267578125,1015900
2023-04-11,MongoDB Inc.,211.52000427246094,215.52999877929688,198.72000122070312,209.67999267578125,2601100
2023-04-12,MongoDB Inc.,226.2100067138672,234.8300018310547,222.3000030517578,223.99000549316406,3542400
2023-04-13,MongoDB Inc.,224.5,236.22000122070312,223.86000061035156,230.9499969482422,1690000
2023-04-14,MongoDB Inc.,223.08999633789062,226.91000366210938,217.61000061035156,222.0,1350500
2023-04-17,MongoDB Inc.,224.85000610351562,226.2100067138672,219.27999877929688,220.88999938964844,696400
2023-04-18,MongoDB Inc.,230.0,231.9600067138672,226.4199981689453,230.0,947800
2023-04-19,MongoDB Inc.,230.25999450683594,231.8000030517578,224.38999938964844,226.8300018310547,706700
2023-04-20,MongoDB Inc.,226.52000427246094,229.22000122070312,224.1699981689453,227.30999755859375,834400
2023-04-21,MongoDB Inc.,232.86000061035156,234.67999267578125,227.60000610351562,229.0,1222700
2023-04-24,MongoDB Inc.,223.9600067138672,235.52000427246094,222.6300048828125,234.0,1310900
2023-04-25,MongoDB Inc.,212.91000366210938,221.16000366210938,212.5229949951172,220.05999755859375,1467500
2023-04-26,MongoDB Inc.,238.22000122070312,243.39999389648438,226.1999969482422,226.1999969482422,3416800
2023-04-27,MongoDB Inc.,240.9499969482422,243.72999572753906,234.50999450683594,242.57000732421875,1392100
2023-04-28,MongoDB Inc.,239.9600067138672,240.92799377441406,230.0800018310547,238.5500030517578,1588400
2023-05-01,MongoDB Inc.,225.77000427246094,237.6649932861328,224.0500030517578,237.0,1677900
2023-05-02,MongoDB Inc.,217.99000549316406,226.10000610351562,217.8300018310547,224.83999633789062,1053900
2023-05-03,MongoDB Inc.,220.52000427246094,224.49000549316406,215.55999755859375,216.66000366210938,1381400
2023-05-04,MongoDB Inc.,237.25,243.56700134277344,226.10000610351562,226.10000610351562,2424000
2023-05-05,MongoDB Inc.,241.2899932861328,242.7100067138672,234.80999755859375,240.86000061035156,1759400
2023-05-08,MongoDB Inc.,246.92999267578125,247.8000030517578,238.99000549316406,244.74000549316406,1331100
2023-05-09,MongoDB Inc.,250.27999877929688,251.8699951171875,244.85000610351562,244.89999389648438,1727800
2023-05-10,MongoDB Inc.,262.0199890136719,266.3800048828125,255.0570068359375,255.55999755859375,2104500
2023-05-11,MongoDB Inc.,264.0899963378906,265.5299987792969,259.5299987792969,263.5,1331800
2023-05-12,MongoDB Inc.,263.6000061035156,269.8489990234375,260.5799865722656,264.0,1698500
2023-05-15,MongoDB Inc.,276.1700134277344,277.7699890136719,264.57501220703125,265.1700134277344,1972900
2023-05-16,MongoDB Inc.,275.4800109863281,278.260009765625,273.8500061035156,274.19000244140625,1709500
2023-05-17,MongoDB Inc.,282.5,285.4800109863281,275.2300109863281,277.0,1559200
2023-05-18,MongoDB Inc.,289.7200012207031,292.04998779296875,280.0,282.32000732421875,2228600
2023-05-19,MongoDB Inc.,275.17999267578125,282.0050048828125,272.8399963378906,281.2099914550781,2585200
2023-05-22,MongoDB Inc.,283.2900085449219,283.5400085449219,272.1400146484375,275.17999267578125,1599300
2023-05-23,MongoDB Inc.,272.80999755859375,284.5899963378906,272.7699890136719,279.5899963378906,1452000
2023-05-24,MongoDB Inc.,277.5799865722656,279.1099853515625,267.67999267578125,269.9100036621094,1725400
2023-05-25,MongoDB Inc.,284.9100036621094,293.2799987792969,277.4599914550781,283.20001220703125,2150400
2023-05-26,MongoDB Inc.,283.3599853515625,291.6300048828125,273.0,274.1000061035156,1906700
2023-05-30,MongoDB Inc.,292.3699951171875,296.3169860839844,285.8699951171875,291.4599914550781,1531400
2023-05-31,MongoDB Inc.,293.7900085449219,298.3699951171875,289.2900085449219,290.79998779296875,1862900
2023-06-01,MongoDB Inc.,293.9599914550781,294.9800109863281,275.760009765625,285.7300109863281,4200200
2023-06-02,MongoDB Inc.,376.29998779296875,397.9800109863281,370.0,380.75,9120700
2023-06-05,MongoDB Inc.,388.57000732421875,392.3500061035156,376.0,379.2200012207031,2820700
2023-06-06,MongoDB Inc.,387.6199951171875,398.8900146484375,382.989990234375,385.010009765625,2782000
2023-06-07,MongoDB Inc.,368.55999755859375,391.885986328125,366.1099853515625,387.8599853515625,2212000
2023-06-08,MongoDB Inc.,374.6700134277344,376.2550048828125,365.0,369.7699890136719,1632600
2023-06-09,MongoDB Inc.,374.510009765625,384.760009765625,370.8949890136719,376.82000732421875,1274200
2023-06-12,MongoDB Inc.,381.7900085449219,382.67999267578125,371.8699951171875,376.17999267578125,1092600
2023-06-13,MongoDB Inc.,384.1000061035156,390.1499938964844,372.3999938964844,386.17999267578125,1678400
2023-06-14,MongoDB Inc.,374.5899963378906,381.989990234375,369.30999755859375,380.1300048828125,2271000
2023-06-15,MongoDB Inc.,385.3999938964844,389.30999755859375,370.3599853515625,373.19000244140625,1324900
2023-06-16,MongoDB Inc.,379.8999938964844,385.8699951171875,376.3500061035156,385.8699951171875,1613500
2023-06-20,MongoDB Inc.,379.7799987792969,385.2879943847656,375.1099853515625,379.7699890136719,1729500
2023-06-21,MongoDB Inc.,372.9599914550781,381.95001220703125,367.6000061035156,378.9100036621094,1935500
2023-06-22,MongoDB Inc.,388.3599853515625,396.8399963378906,365.1099853515625,366.6600036621094,3204600
2023-06-23,MongoDB Inc.,389.989990234375,396.0,380.20001220703125,386.6300048828125,3391200
2023-06-26,MongoDB Inc.,379.9800109863281,393.8999938964844,375.31298828125,388.5,1693400
2023-06-27,MongoDB Inc.,388.3399963378906,390.69000244140625,376.010009765625,383.989990234375,987200
2023-06-28,MongoDB Inc.,398.0199890136719,414.4800109863281,387.010009765625,387.989990234375,2879900
2023-06-29,MongoDB Inc.,402.989990234375,407.0299987792969,395.54998779296875,400.0,1809900
2023-06-30,MongoDB Inc.,410.989990234375,418.70001220703125,405.32000732421875,406.05999755859375,2094300
2023-07-03,MongoDB Inc.,411.4200134277344,416.6400146484375,406.3500061035156,406.7799987792969,1123300
2023-07-05,MongoDB Inc.,409.57000732421875,412.30499267578125,402.3599853515625,406.17999267578125,1547000
2023-07-06,MongoDB Inc.,399.0199890136719,402.4100036621094,392.0,401.55999755859375,1682700
2023-07-07,MongoDB Inc.,388.6199951171875,403.739990234375,387.7300109863281,400.0299987792969,1577700
2023-07-10,MongoDB Inc.,394.6199951171875,395.5799865722656,376.489990234375,382.4100036621094,1401100
2023-07-11,MongoDB Inc.,394.2200012207031,399.010009765625,389.5,396.45001220703125,975200
2023-07-12,MongoDB Inc.,391.0799865722656,404.0,387.04998779296875,401.6099853515625,1198300
2023-07-13,MongoDB Inc.,407.2099914550781,407.8699951171875,394.739990234375,394.9200134277344,1210800
2023-07-14,MongoDB Inc.,398.67999267578125,414.5,397.3299865722656,408.739990234375,1063800
2023-07-17,MongoDB Inc.,409.1700134277344,412.385009765625,399.1199951171875,400.25,839500
2023-07-18,MongoDB Inc.,426.0199890136719,437.3299865722656,407.4100036621094,419.0400085449219,3418400
2023-07-19,MongoDB Inc.,431.2099914550781,439.0,420.0,429.54998779296875,1998200
2023-07-20,MongoDB Inc.,412.6400146484375,426.95001220703125,410.3599853515625,422.1700134277344,1653300
2023-07-21,MongoDB Inc.,409.7799987792969,420.3999938964844,408.739990234375,419.69000244140625,939800
2023-07-24,MongoDB Inc.,410.5799865722656,413.1000061035156,402.0,413.1000061035156,691500
2023-07-25,MongoDB Inc.,418.9700012207031,426.3299865722656,414.3800048828125,416.55999755859375,1099900
2023-07-26,MongoDB Inc.,405.1400146484375,413.44000244140625,398.20001220703125,403.7200012207031,1361200
2023-07-27,MongoDB Inc.,403.5799865722656,416.0,396.0,415.6400146484375,1271200
2023-07-28,MongoDB Inc.,411.6199951171875,418.510009765625,403.0199890136719,411.6700134277344,1242900
2023-07-31,MongoDB Inc.,423.3999938964844,426.6199951171875,414.9949951171875,415.7699890136719,1153200
2023-08-01,MongoDB Inc.,424.57000732421875,424.9700012207031,415.4100036621094,420.0,732100
2023-08-02,MongoDB Inc.,398.739990234375,415.989990234375,393.0,414.0899963378906,1821900
2023-08-03,MongoDB Inc.,402.79998779296875,407.2900085449219,386.2900085449219,391.8500061035156,1067400
2023-08-04,MongoDB Inc.,401.57000732421875,423.95001220703125,400.5199890136719,415.05999755859375,1542300
2023-08-07,MongoDB Inc.,397.54998779296875,405.2950134277344,387.7080078125,403.42999267578125,1060600
2023-08-08,MongoDB Inc.,370.19000244140625,388.5039978027344,368.5,378.1700134277344,2856400
2023-08-09,MongoDB Inc.,360.0,372.739990234375,358.42999267578125,370.19000244140625,1767600
2023-08-10,MongoDB Inc.,359.6600036621094,368.3399963378906,353.31500244140625,359.9100036621094,1492600
2023-08-11,MongoDB Inc.,356.2200012207031,361.3399963378906,353.8800048828125,355.9800109863281,746300
2023-08-14,MongoDB Inc.,364.4100036621094,364.7950134277344,348.80999755859375,352.2900085449219,940700
2023-08-15,MongoDB Inc.,367.3399963378906,371.5799865722656,358.44000244140625,362.8999938964844,1183400
2023-08-16,MongoDB Inc.,358.8299865722656,368.5199890136719,358.0,363.6300048828125,747800
2023-08-17,MongoDB Inc.,351.1700134277344,360.0889892578125,349.0899963378906,359.0,964000
2023-08-18,MongoDB Inc.,350.8299865722656,353.7699890136719,342.010009765625,344.4800109863281,984800
2023-08-21,MongoDB Inc.,358.6000061035156,363.489990234375,355.010009765625,358.07000732421875,982300
2023-08-22,MongoDB Inc.,362.0400085449219,365.55999755859375,355.8500061035156,364.29998779296875,735500
2023-08-23,MongoDB Inc.,370.739990234375,371.1499938964844,359.0,360.989990234375,1225200
2023-08-24,MongoDB Inc.,360.75,384.989990234375,357.9049987792969,384.989990234375,1127000
2023-08-25,MongoDB Inc.,363.4599914550781,368.239990234375,355.010009765625,357.17999267578125,1106900
2023-08-28,MongoDB Inc.,354.32000732421875,368.7200012207031,353.8900146484375,365.4100036621094,1129700
2023-08-29,MongoDB Inc.,367.3800048828125,374.29998779296875,354.1499938964844,357.95001220703125,1265700
2023-08-30,MongoDB Inc.,375.5199890136719,380.3800048828125,364.29901123046875,366.54998779296875,1172800
2023-08-31,MongoDB Inc.,381.29998779296875,387.2900085449219,378.9100036621094,382.0,3094600
2023-09-01,MongoDB Inc.,392.8800048828125,414.0,389.3299865722656,395.010009765625,5894800
2023-09-05,MongoDB Inc.,394.1300048828125,398.6449890136719,388.29998779296875,389.5,1774800
2023-09-06,MongoDB Inc.,382.260009765625,395.75,378.3299865722656,393.510009765625,1308200
2023-09-07,MongoDB Inc.,377.5400085449219,381.2300109863281,368.7900085449219,373.8599853515625,1130400
2023-09-08,MongoDB Inc.,377.2900085449219,384.0199890136719,375.17999267578125,377.2799987792969,1259300
2023-09-11,MongoDB Inc.,394.2799987792969,395.04998779296875,379.7200012207031,382.0,1254500
2023-09-12,MongoDB Inc.,374.57000732421875,388.9599914550781,374.57000732421875,387.6700134277344,1171200
2023-09-13,MongoDB Inc.,371.3399963378906,378.7650146484375,370.760009765625,374.57000732421875,861300
2023-09-14,MongoDB Inc.,365.9200134277344,372.29998779296875,363.9100036621094,372.1199951171875,784200
2023-09-15,MongoDB Inc.,362.1300048828125,362.32000732421875,354.0,361.30999755859375,1307500
2023-09-18,MongoDB Inc.,356.5400085449219,361.2300109863281,354.760009765625,357.3900146484375,644700
2023-09-19,MongoDB Inc.,355.6099853515625,359.510009765625,350.0199890136719,357.1700134277344,600800
2023-09-20,MongoDB Inc.,351.6600036621094,361.3599853515625,351.3399963378906,356.0,572200
2023-09-21,MongoDB Inc.,333.6199951171875,347.9800109863281,331.95001220703125,342.8999938964844,1859300
2023-09-22,MongoDB Inc.,335.760009765625,339.5400085449219,331.0,338.2099914550781,1257200
2023-09-25,MongoDB Inc.,333.30999755859375,338.0,329.510009765625,331.30999755859375,760000
2023-09-26,MongoDB Inc.,325.29998779296875,334.17999267578125,324.1099853515625,329.5799865722656,1404200
2023-09-27,MongoDB Inc.,328.1600036621094,332.8399963378906,324.69000244140625,326.2699890136719,934700
2023-09-28,MongoDB Inc.,343.1099853515625,343.5350036621094,323.010009765625,324.69000244140625,1405800
2023-09-29,MongoDB Inc.,345.8599853515625,360.8800048828125,345.4200134277344,353.04998779296875,1559100
2023-10-02,MongoDB Inc.,349.07501220703125,351.81500244140625,341.1499938964844,342.3900146484375,1140900
2023-10-03,MongoDB Inc.,331.6099853515625,345.0,328.9599914550781,341.0199890136719,944400
2023-10-04,MongoDB Inc.,335.95001220703125,338.20001220703125,331.77398681640625,337.04998779296875,956100
2023-10-05,MongoDB Inc.,336.7799987792969,338.239990234375,328.2699890136719,335.1099853515625,798600
2023-10-06,MongoDB Inc.,353.6199951171875,354.3450012207031,328.260009765625,328.3599853515625,1290300
2023-10-09,MongoDB Inc.,358.30999755859375,362.1199951171875,346.6300048828125,347.5,992300
2023-10-10,MongoDB Inc.,358.4700012207031,368.6210021972656,354.0,355.9599914550781,1050500
2023-10-11,MongoDB Inc.,365.2200012207031,371.94000244140625,362.5,365.92999267578125,886500
2023-10-12,MongoDB Inc.,364.3500061035156,374.6700134277344,362.0,367.5199890136719,986400
2023-10-13,MongoDB Inc.,350.67999267578125,366.3320007324219,349.8949890136719,365.4700012207031,916500
2023-10-16,MongoDB Inc.,368.1600036621094,369.4200134277344,350.70001220703125,352.3500061035156,955000
2023-10-17,MongoDB Inc.,365.70001220703125,373.0,361.3500061035156,362.29998779296875,965500
2023-10-18,MongoDB Inc.,358.67999267578125,369.6549987792969,356.48199462890625,362.3399963378906,868900
2023-10-19,MongoDB Inc.,358.0,368.9800109863281,357.6549987792969,365.42999267578125,933200
2023-10-20,MongoDB Inc.,346.2799987792969,362.0299987792969,342.44000244140625,359.3299865722656,1287500
2023-10-23,MongoDB Inc.,342.2799987792969,348.79998779296875,333.635009765625,340.04998779296875,850500
2023-10-24,MongoDB Inc.,352.0400085449219,358.760009765625,346.7900085449219,348.4599914550781,980600
2023-10-25,MongoDB Inc.,329.3299865722656,347.9700012207031,328.4700012207031,347.0,1149800
2023-10-26,MongoDB Inc.,327.3299865722656,334.3900146484375,321.0,329.3500061035156,1422700
2023-10-27,MongoDB Inc.,335.30999755859375,339.7550048828125,331.9800109863281,333.0,1070200
2023-10-30,MongoDB Inc.,336.29998779296875,342.3299865722656,333.6940002441406,341.25,733100
2023-10-31,MongoDB Inc.,344.5899963378906,346.31201171875,332.6000061035156,341.2300109863281,721400
2023-11-01,MongoDB Inc.,339.0199890136719,347.2200012207031,332.0,345.2099914550781,957700
2023-11-02,MongoDB Inc.,329.0,347.4700012207031,326.2099914550781,347.4700012207031,1638400
2023-11-03,MongoDB Inc.,343.1099853515625,343.70001220703125,328.5400085449219,332.739990234375,1588800
2023-11-06,MongoDB Inc.,332.3500061035156,347.17999267578125,323.30999755859375,347.17999267578125,1525000
2023-11-07,MongoDB Inc.,369.0400085449219,384.1499938964844,355.010009765625,355.010009765625,3881000
2023-11-08,MongoDB Inc.,370.0400085449219,373.72900390625,362.5,372.0,1171800
2023-11-09,MongoDB Inc.,365.30999755859375,379.7099914550781,364.1000061035156,372.5,990500
2023-11-10,MongoDB Inc.,376.8900146484375,379.0,364.010009765625,366.760009765625,950600
2023-11-13,MongoDB Inc.,377.9700012207031,387.94000244140625,374.1000061035156,376.4800109863281,1145300
2023-11-14,MongoDB Inc.,397.7699890136719,402.57000732421875,386.07000732421875,389.010009765625,1772900
2023-11-15,MongoDB Inc.,392.5799865722656,402.70001220703125,390.4200134277344,401.0,891000
2023-11-16,MongoDB Inc.,389.07000732421875,395.989990234375,384.55999755859375,395.7300109863281,899500
2023-11-17,MongoDB Inc.,392.57000732421875,395.0,388.0,389.7099914550781,646300
2023-11-20,MongoDB Inc.,407.6099853515625,411.0,393.1600036621094,393.1600036621094,1123900
2023-11-21,MongoDB Inc.,405.510009765625,412.6700134277344,402.5,402.5400085449219,848500
2023-11-22,MongoDB Inc.,405.07000732421875,410.07000732421875,398.9200134277344,409.7699890136719,936300
2023-11-24,MongoDB Inc.,407.70001220703125,409.489990234375,400.8500061035156,403.5,312700
2023-11-27,MongoDB Inc.,401.9100036621094,411.6400146484375,400.3999938964844,406.7300109863281,1338200
2023-11-28,MongoDB Inc.,406.25,410.1499938964844,397.4599914550781,400.8500061035156,1025400
2023-11-29,MongoDB Inc.,420.510009765625,421.3699951171875,411.0,411.010009765625,1771800
2023-11-30,MongoDB Inc.,415.739990234375,442.8399963378906,407.1499938964844,437.2099914550781,2636700
2023-12-01,MongoDB Inc.,435.2300109863281,435.70001220703125,414.0,420.0299987792969,1624500
2023-12-04,MongoDB Inc.,423.0199890136719,440.80999755859375,417.64599609375,431.55999755859375,2383700
2023-12-05,MongoDB Inc.,433.6700134277344,435.0,420.5050048828125,423.0299987792969,3588200
2023-12-06,MongoDB Inc.,387.4200134277344,415.7200012207031,387.3699951171875,409.07000732421875,7440100
2023-12-07,MongoDB Inc.,384.239990234375,396.8800048828125,383.260009765625,390.510009765625,3092200
2023-12-08,MongoDB Inc.,381.7900085449219,382.1700134277344,373.2300109863281,380.3699951171875,3104100
2023-12-11,MongoDB Inc.,395.3900146484375,404.2799987792969,388.3599853515625,388.5,2993600
2023-12-12,MongoDB Inc.,393.0899963378906,398.0,389.510009765625,391.1700134277344,1288400
2023-12-13,MongoDB Inc.,411.17999267578125,411.3999938964844,392.239990234375,394.2699890136719,1950500
2023-12-14,MongoDB Inc.,419.239990234375,425.510009765625,406.9200134277344,419.0,2430400
2023-12-15,MongoDB Inc.,420.1700134277344,423.6199951171875,413.4700012207031,420.8399963378906,6204100
2023-12-18,MongoDB Inc.,412.739990234375,417.80999755859375,407.0899963378906,409.20001220703125,1588500
2023-12-19,MongoDB Inc.,409.7799987792969,418.82000732421875,408.3800048828125,416.0,1165800
2023-12-20,MongoDB Inc.,401.6700134277344,414.7900085449219,401.0669860839844,405.0,1058200
2023-12-21,MongoDB Inc.,409.82000732421875,411.0,402.82000732421875,409.0,680800
2023-12-22,MongoDB Inc.,407.4800109863281,413.51300048828125,400.8599853515625,411.3399963378906,831000
2023-12-26,MongoDB Inc.,416.8999938964844,417.6000061035156,405.4590148925781,408.75,925000
2023-12-27,MongoDB Inc.,418.2799987792969,425.0199890136719,416.9580078125,418.0,808200
2023-12-28,MongoDB Inc.,417.0799865722656,420.5,413.0799865722656,416.19000244140625,719100
2023-12-29,MongoDB Inc.,408.8500061035156,421.9700012207031,408.4849853515625,415.3999938964844,1093800
2024-01-02,MongoDB Inc.,383.69000244140625,404.6499938964844,382.260009765625,404.45001220703125,2176900
2024-01-03,MongoDB Inc.,372.9800109863281,379.760009765625,371.25,373.760009765625,1289600
2024-01-04,MongoDB Inc.,362.4100036621094,369.1549987792969,360.1000061035156,362.57000732421875,2054400
2024-01-05,MongoDB Inc.,365.3900146484375,371.44000244140625,360.1499938964844,360.70001220703125,1488900
2024-01-08,MongoDB Inc.,378.45001220703125,378.6300048828125,365.0,367.32000732421875,1816200
2024-01-09,MongoDB Inc.,378.7300109863281,380.05999755859375,371.55999755859375,371.57000732421875,846200
2024-01-10,MongoDB Inc.,393.1499938964844,394.45001220703125,376.19000244140625,380.0,1463300
2024-01-11,MongoDB Inc.,392.6000061035156,399.3500061035156,383.20001220703125,395.9100036621094,1208000
2024-01-12,MongoDB Inc.,391.5899963378906,397.8500061035156,388.8699951171875,393.6000061035156,785800
2024-01-16,MongoDB Inc.,405.44000244140625,405.6600036621094,382.7049865722656,388.260009765625,1513200
2024-01-17,MongoDB Inc.,400.3800048828125,404.010009765625,387.2749938964844,401.7900085449219,1050600
2024-01-18,MongoDB Inc.,392.17999267578125,408.3999938964844,384.54998779296875,404.25,1246900
2024-01-19,MongoDB Inc.,401.04998779296875,401.6600036621094,391.5,395.4100036621094,832600
2024-01-22,MongoDB Inc.,413.4200134277344,426.510009765625,406.7799987792969,406.7799987792969,1910200
2024-01-23,MongoDB Inc.,411.05999755859375,418.9200134277344,407.0299987792969,418.6099853515625,762700
2024-01-24,MongoDB Inc.,410.1099853515625,424.7799987792969,409.3599853515625,417.69000244140625,1163200
2024-01-25,MongoDB Inc.,400.29998779296875,416.0400085449219,397.3800048828125,416.0400085449219,971800
2024-01-26,MongoDB Inc.,395.2900085449219,401.7250061035156,391.3500061035156,394.70001220703125,973600
2024-01-29,MongoDB Inc.,420.1700134277344,420.3399963378906,397.2799987792969,397.2799987792969,1072800
2024-01-30,MongoDB Inc.,415.5299987792969,421.989990234375,410.7300109863281,418.489990234375,782000
2024-01-31,MongoDB Inc.,400.5199890136719,411.0,394.1000061035156,409.05999755859375,1543700
2024-02-01,MongoDB Inc.,409.07000732421875,411.30999755859375,399.8800048828125,404.92999267578125,1129200
2024-02-02,MongoDB Inc.,436.010009765625,437.2200012207031,412.0299987792969,416.3999938964844,1957100
2024-02-05,MongoDB Inc.,436.8900146484375,454.5899963378906,427.3599853515625,437.989990234375,2015100
2024-02-06,MongoDB Inc.,443.30999755859375,451.30999755859375,429.1300048828125,447.0,1545300
2024-02-07,MongoDB Inc.,457.3900146484375,463.20001220703125,440.2650146484375,447.5,1403300
2024-02-08,MongoDB Inc.,475.1199951171875,477.0950012207031,457.6099853515625,457.8500061035156,1267500
2024-02-09,MongoDB Inc.,500.8999938964844,507.25,481.8599853515625,486.7200012207031,2181400
2024-02-12,MongoDB Inc.,487.989990234375,509.6199951171875,487.07000732421875,500.010009765625,1364300
2024-02-13,MongoDB Inc.,472.1300048828125,480.0,451.0,463.0,1766700
2024-02-14,MongoDB Inc.,486.510009765625,486.7749938964844,473.2099914550781,481.5799865722656,825900
2024-02-15,MongoDB Inc.,474.2099914550781,488.0,474.0799865722656,488.0,858400
2024-02-16,MongoDB Inc.,465.05999755859375,477.0,464.54998779296875,471.2900085449219,832100
2024-02-20,MongoDB Inc.,444.80999755859375,459.7799987792969,433.6499938964844,457.1300048828125,1183900
2024-02-21,MongoDB Inc.,427.489990234375,437.7300109863281,423.2200012207031,432.3699951171875,997300
2024-02-22,MongoDB Inc.,449.9800109863281,450.4700012207031,435.7799987792969,443.94000244140625,1233900
2024-02-23,MongoDB Inc.,451.5199890136719,459.6990051269531,447.67999267578125,452.75,801300
2024-02-26,MongoDB Inc.,450.79998779296875,459.2699890136719,450.7699890136719,454.80999755859375,635800
2024-02-27,MongoDB Inc.,449.95001220703125,458.79998779296875,445.79998779296875,454.1499938964844,580700
2024-02-28,MongoDB Inc.,443.45001220703125,448.55499267578125,440.2699890136719,444.0400085449219,917200
2024-02-29,MongoDB Inc.,447.5799865722656,447.9360046386719,433.5400085449219,437.0,1542400
2024-03-01,MongoDB Inc.,436.8399963378906,449.1199951171875,430.8349914550781,449.1199951171875,1442300
2024-03-04,MongoDB Inc.,439.0,443.0899963378906,427.2900085449219,437.0799865722656,1006700
2024-03-05,MongoDB Inc.,405.0,428.9049987792969,398.0,428.2799987792969,2476400
2024-03-06,MongoDB Inc.,409.5,424.0,407.07000732421875,420.25,1417600
2024-03-07,MongoDB Inc.,412.010009765625,413.8699951171875,397.07000732421875,406.2300109863281,3660400
2024-03-08,MongoDB Inc.,383.4200134277344,411.5,378.0,383.45001220703125,6251000
2024-03-11,MongoDB Inc.,366.989990234375,382.95001220703125,363.9599914550781,379.6199951171875,2334700
2024-03-12,MongoDB Inc.,368.6400146484375,374.8500061035156,362.29998779296875,371.8599853515625,1575000
2024-03-13,MongoDB Inc.,372.80999755859375,380.0899963378906,366.57000732421875,368.6400146484375,1669600
2024-03-14,MongoDB Inc.,368.94000244140625,380.3599853515625,363.6400146484375,376.0,1686900
2024-03-15,MongoDB Inc.,355.44000244140625,366.7449951171875,354.6700134277344,365.6000061035156,1822100
2024-03-18,MongoDB Inc.,356.3699951171875,360.7099914550781,352.8699951171875,357.0,1049400
2024-03-19,MongoDB Inc.,353.79998779296875,354.70001220703125,340.3500061035156,346.05999755859375,1646100
2024-03-20,MongoDB Inc.,359.07000732421875,363.6600036621094,350.6700134277344,353.4800109863281,959600
2024-03-21,MongoDB Inc.,360.1499938964844,373.3999938964844,360.1400146484375,366.5,1174600
2024-03-22,MongoDB Inc.,355.5,358.9599914550781,349.29998779296875,355.7799987792969,1010800
2024-03-25,MongoDB Inc.,353.54998779296875,357.6199951171875,351.7900085449219,351.7900085449219,742500
2024-03-26,MongoDB Inc.,354.1199951171875,359.0270080566406,349.3450012207031,355.54998779296875,1017400
2024-03-27,MongoDB Inc.,358.79998779296875,359.05999755859375,352.6400146484375,358.0,753000
2024-03-28,MongoDB Inc.,358.6400146484375,364.5799865722656,357.5,358.6400146484375,893400
2024-04-01,MongoDB Inc.,356.0899963378906,364.3999938964844,352.7099914550781,363.1400146484375,916800
2024-04-02,MongoDB Inc.,347.82000732421875,350.6000061035156,343.0899963378906,348.1499938964844,1300400
2024-04-03,MongoDB Inc.,339.82000732421875,345.0199890136719,338.510009765625,343.3599853515625,1697400
2024-04-04,MongoDB Inc.,343.739990234375,354.79998779296875,337.30999755859375,340.3999938964844,1658700
2024-04-05,MongoDB Inc.,362.82000732421875,364.6600036621094,344.9599914550781,345.0,2099700
2024-04-08,MongoDB Inc.,363.32000732421875,367.3900146484375,355.1199951171875,360.9200134277344,901800
2024-04-09,MongoDB Inc.,360.94000244140625,366.94000244140625,358.2300109863281,364.67999267578125,952900
2024-04-10,MongoDB Inc.,351.2799987792969,359.8500061035156,351.1300048828125,354.1199951171875,944600
2024-04-11,MongoDB Inc.,356.0400085449219,357.3949890136719,349.3800048828125,354.0,809100
2024-04-12,MongoDB Inc.,352.05999755859375,360.3550109863281,350.0,350.0,1037800
2024-04-15,MongoDB Inc.,347.1700134277344,355.79998779296875,344.20001220703125,352.989990234375,998700
2024-04-16,MongoDB Inc.,349.79998779296875,350.5249938964844,340.3399963378906,346.29998779296875,1460100
2024-04-17,MongoDB Inc.,342.75,351.9849853515625,342.70001220703125,349.79998779296875,912400
2024-04-18,MongoDB Inc.,335.54998779296875,345.1499938964844,332.7449951171875,342.0400085449219,1082400
2024-04-19,MongoDB Inc.,327.4700012207031,338.2200012207031,326.010009765625,336.7300109863281,1351900
2024-04-22,MongoDB Inc.,340.1600036621094,342.1700134277344,321.7699890136719,330.0,1462400
2024-04-23,MongoDB Inc.,366.30999755859375,367.4100036621094,342.0,343.2300109863281,1745600
2024-04-24,MongoDB Inc.,369.2900085449219,370.79998779296875,362.010009765625,368.5,1314600
2024-04-25,MongoDB Inc.,366.1300048828125,370.739990234375,351.3399963378906,362.42999267578125,1150200
2024-04-26,MongoDB Inc.,383.79998779296875,385.8599853515625,375.29998779296875,382.44000244140625,1558700
2024-04-29,MongoDB Inc.,371.94000244140625,382.2770080566406,368.1600036621094,380.3699951171875,1151200
2024-04-30,MongoDB Inc.,365.17999267578125,374.05999755859375,364.3999938964844,369.3599853515625,1080800
2024-05-01,MongoDB Inc.,373.3299865722656,387.19000244140625,365.5199890136719,379.1499938964844,1226100
2024-05-02,MongoDB Inc.,363.1700134277344,380.94000244140625,360.6000061035156,379.8299865722656,1062800
2024-05-03,MongoDB Inc.,362.8500061035156,378.4649963378906,360.8399963378906,373.3599853515625,927000
2024-05-06,MongoDB Inc.,365.6700134277344,370.79998779296875,362.14898681640625,363.2099914550781,974600
2024-05-07,MongoDB Inc.,355.30999755859375,358.7900085449219,347.3559875488281,356.70001220703125,1467400
2024-05-08,MongoDB Inc.,353.20001220703125,353.6199951171875,347.6300048828125,349.4200134277344,738300
2024-05-09,MongoDB Inc.,354.69000244140625,358.614990234375,352.0,353.20001220703125,575900
2024-05-10,MongoDB Inc.,353.4700012207031,360.7850036621094,352.82000732421875,355.9200134277344,513000
2024-05-13,MongoDB Inc.,359.239990234375,361.92999267578125,354.6199951171875,356.9700012207031,983400
2024-05-14,MongoDB Inc.,359.2699890136719,364.6499938964844,352.760009765625,359.55999755859375,855200
2024-05-15,MongoDB Inc.,376.489990234375,377.6400146484375,362.19000244140625,367.0,1046200
2024-05-16,MongoDB Inc.,369.94000244140625,376.5,366.489990234375,376.04998779296875,813800
2024-05-17,MongoDB Inc.,370.82000732421875,372.0,365.3599853515625,369.7200012207031,668100
2024-05-20,MongoDB Inc.,368.010009765625,373.6730041503906,363.1499938964844,371.9100036621094,653600
2024-05-21,MongoDB Inc.,365.260009765625,367.489990234375,361.79998779296875,365.3800048828125,727400
2024-05-22,MongoDB Inc.,361.2799987792969,367.6499938964844,356.6000061035156,365.3500061035156,847000
2024-05-23,MongoDB Inc.,355.17999267578125,379.05499267578125,354.6099853515625,372.2300109863281,1301900
2024-05-24,MongoDB Inc.,349.739990234375,352.67999267578125,342.29998779296875,351.80999755859375,1335000
2024-05-28,MongoDB Inc.,335.8599853515625,349.510009765625,332.5,349.510009765625,1717400
2024-05-29,MongoDB Inc.,333.989990234375,339.1499938964844,328.010009765625,330.0,1154100
2024-05-30,MongoDB Inc.,310.0,328.92498779296875,308.3800048828125,328.5,4801300
2024-05-31,MongoDB Inc.,236.05999755859375,241.0,225.25,237.07000732421875,10987900
2024-06-03,MongoDB Inc.,234.61000061035156,252.11000061035156,231.00999450683594,243.14999389648438,4873800
2024-06-04,MongoDB Inc.,232.14999389648438,242.97999572753906,231.1999969482422,233.08999633789062,2982800
2024-06-05,MongoDB Inc.,233.24000549316406,235.3800048828125,230.25999450683594,234.33999633789062,1811300
2024-06-06,MongoDB Inc.,229.8800048828125,235.60699462890625,229.1300048828125,233.0,1719500
2024-06-07,MongoDB Inc.,227.02000427246094,231.99000549316406,222.77999877929688,227.91000366210938,1597300
2024-06-10,MongoDB Inc.,224.6199951171875,229.5,223.7100067138672,226.22000122070312,2188300
2024-06-11,MongoDB Inc.,223.8000030517578,227.8000030517578,219.52999877929688,223.94000244140625,2443900
2024-06-12,MongoDB Inc.,229.25,235.81300354003906,227.07000732421875,228.25999450683594,2058600
2024-06-13,MongoDB Inc.,218.17999267578125,230.75999450683594,217.94500732421875,230.6199951171875,1801400
2024-06-14,MongoDB Inc.,227.0,227.0399932861328,218.67999267578125,219.14999389648438,1884500
2024-06-17,MongoDB Inc.,223.6699981689453,226.5,219.4499969482422,224.3800048828125,1612000
2024-06-18,MongoDB Inc.,218.85000610351562,224.2480010986328,217.80999755859375,222.4600067138672,1577300
2024-06-20,MongoDB Inc.,220.4499969482422,222.85000610351562,214.74000549316406,218.67999267578125,1535100
2024-06-21,MongoDB Inc.,227.5500030517578,228.5800018310547,218.86000061035156,220.82000732421875,2842600
2024-06-24,MongoDB Inc.,233.9199981689453,234.75,225.75999450683594,226.05999755859375,1776600
2024-06-25,MongoDB Inc.,226.61000061035156,234.61500549316406,226.0500030517578,234.2899932861328,1664200
2024-06-26,MongoDB Inc.,240.52000427246094,241.92999267578125,225.8000030517578,225.82000732421875,2513300
2024-06-27,MongoDB Inc.,244.14999389648438,247.25999450683594,238.13999938964844,238.27999877929688,2171400
2024-06-28,MongoDB Inc.,249.9600067138672,252.08999633789062,244.32000732421875,244.5500030517578,2449400
2024-07-01,MongoDB Inc.,263.510009765625,264.760009765625,249.1699981689453,253.0,2354300
2024-07-02,MongoDB Inc.,259.8800048828125,270.0,259.4100036621094,265.0,1813200
2024-07-03,MongoDB Inc.,264.94000244140625,267.0,258.0199890136719,260.20001220703125,895900
2024-07-05,MongoDB Inc.,266.739990234375,271.6600036621094,261.8699951171875,264.0,1246200
2024-07-08,MongoDB Inc.,260.1000061035156,266.1199951171875,258.5199890136719,266.0,1368000
2024-07-09,MongoDB Inc.,250.50999450683594,259.8999938964844,246.5,258.0,2009300
2024-07-10,MongoDB Inc.,246.17999267578125,250.8800048828125,237.36000061035156,250.8800048828125,2361600
2024-07-11,MongoDB Inc.,248.77999877929688,257.489990234375,245.75999450683594,250.38999938964844,1361800
